20
34
81
103
135
151
155
157
179
218
273
300
313
318
351
360
386
416
417
419
422
450
462
532
554
587
651
658
661
707
729
736
802
812
844
846
849
856
877
887
901
913
941
1021
1022
1024
1066
1110
1111
1154
1167
1245
1247
1258
1259
1272
1273
1306
1316
1340
1364
1377
1399
1408
1413
1417
1468
1473
1498
1510
1513
1520
1523
1568
1589
1590
1618
1632
1638
1639
1664
1733
1739
1771
1781
1805
1809
1906
1912
1993
2011
2042
2046
2055
2075
2106
2140
2144
2164
2174
2186
2189
2206
2226
2244
2264
2267
2303
2312
2359
2385
2386
2393
2409
2430
2431
2436
2470
2491
2509
2568
2571
2577
2619
2637
2643
2686
2690
2693
2728
2763
2767
2805
2820
2830
2856
2867
2877
2880
2892
2923
2929
2961
2997
3033
3046
3068
3104
3108
3144
3160
3191
3198
3203
3209
3217
3224
3228
3237
3243
3251
3255
3278
3320
3360
3365
3428
3440
3452
3453
3458
3494
3496
3508
3520
3549
3558
3624
3690
3702
3728
3750
3768
3776
3781
3787
3797
3799
3845
3879
3924
3928
3987
4000
4021
4022
4028
4049
4050
4063
4082
4179
4191
4236
4241
4250
4266
4333
4341
4382
4389
4449
4471
4499
4521
4523
4549
4550
4668
4702
4720
4730
4731
4732
4779
4785
4818
4819
4851
4866
4876
4918
4924
4942
4956
4996
5004
5017
5023
5039
5052
5064
5070
5116
5118
5122
5124
5139
5163
5202
5236
5254
5255
5303
5307
5327
5328
5358
5379
5420
5435
5466
5481
5487
5488
5494
5508
5530
5571
5595
5622
5624
5642
5652
5729
5756
5774
5779
5786
5828
5845
5918
5919
5927
5976
5990
6000
6001
6005
6011
6049
6073
6100
6106
6117
6127
6158
6161
6228
6238
6248
6257
6260
6267
6275
6287
6290
6299
6326
6357
6469
6473
6483
6487
6520
6532
6535
6602
6607
6620
6650
6651
6663
6672
6678
6702
6709
6747
6787
6866
6890
6936
7046
7047
7080
7083
7126
7138
7151
7157
7171
7184
7218
7234
7262
7265
7293
7299
7324
7336
7340
7348
7353
7354
7364
7370
7393
7404
7406
7413
7419
7425
7454
7457
7469
7484
7544
7554
7584
7586
7590
7593
7594
7605
7611
7651
7677
7687
7690
7743
7776
7778
7779
7808
7845
7850
7890
7917
7950
7960
7967
7974
8009
8017
8022
8029
8053
8090
8094
8105
8117
8140
8145
8157
8174
8198
8249
8268
8303
8320
8324
8358
8360
8361
8380
8387
8392
8429
8430
8442
8472
8489
8531
8568
8572
8575
8587
8637
8688
8718
8737
8760
8788
8789
8799
8801
8851
8852
8878
8881
8889
8904
8961
9014
9044
9045
9053
9079
9084
9092
9126
9130
9135
9152
9159
9172
9176
9179
9182
9192
9200
9208
9215
9223
9225
9245
9259
9287
9300
9315
9350
9354
9361
9384
9396
9401
9428
9429
9445
9482
9484
9502
9540
9564
9580
9601
9616
9656
9660
9663
9673
9694
9758
9798
9806
9843
9855
9871
9894
9911
9924
9964
10004
10011
10088
10104
10134
10175
10186
10193
10247
10252
10256
10282
10304
