37
73
314
331
442
600
614
618
620
629
835
1009
1023
1039
1058
1344
1446
1808
1869
1920
1947
2034
2071
2090
2200
2203
2383
2469
2473
2657
2920
2975
3026
3044
3154
3165
3194
3234
3241
3243
3255
3260
3279
3350
3375
3381
3412
3437
3453
3851
3898
4091
4185
4191
4237
4251
4253
4261
4332
4341
4388
4398
4402
4418
4503
4558
4560
4575
4593
4649
4739
4750
4771
4922
4953
4956
4957
4989
5010
5073
5104
5113
5258
5294
5415
5439
5453
5475
5485
5491
5497
5514
5542
5552
5666
5745
5750
5789
5805
5930
5969
6012
6383
6439
6505
6539
6550
6551
6639
6663
6670
6884
6892
6938
7100
7168
7326
7328
7357
7464
7503
7520
7787
7865
8138
8155
8173
8366
8413
8424
8483
8537
8631
8871
8933
9110
9171
9189
9218
9294
9328
9329
9397
9464
9475
9532
9696
9791
9952
9999
10169
10249
10399
10422
10466
10479
10533
10625
10875
11046
11149
11170
11273
11397
11560
11672
11931
11961
12009
12029
12129
12241
12384
12438
12551
12858
12907
12956
13059
13313
13508
14155
14329
14593
14666
14699
14909
14999
15003
15147
15209
15211
15271
15289
15323
15369
15664
15764
15857
15875
15997
16073
16117
16164
16191
16245
16294
16410
16411
16421
16479
16655
16863
17321
17496
17517
17634
17636
17673
17685
18409
18460
18506
18742
18781
18841
19199
19293
19424
19564
19682
19756
19762
19763
19774
19779
19795
19823
19827
19841
19857
19951
19994
20176
20199
20210
20810
20817
20833
20884
20894
21692
21874
21923
21969
22145
22215
22237
22272
22293
22331
22337
22393
22428
22519
22559
22578
22628
22651
22662
22727
22735
22736
22752
22774
22792
23004
23015
23041
23163
23192
23271
23580
23900
23966
24005
24211
24212
24367
24371
24427
24464
24507
24578
24634
24988
25223
25410
25445
25454
25601
25608
25651
25702
25734
25742
25757
25787
25791
25879
25975
26150
26175
26264
26293
26306
26317
26338
26381
26402
26450
26587
26598
26724
26774
26991
27006
27078
27158
27279
27348
27454
27466
27582
27623
27639
28029
28053
28301
28566
28570
28576
28578
28663
28699
28707
28728
28813
28825
28877
28890
29022
29357
30139
30284
30388
30452
30471
30536
30552
30570
30592
30594
30731
30751
30928
31034
31384
31409
31577
32301
32436
33251
33523
33765
34122
34497
34520
34849
34995
35005
35075
35176
35271
35332
35354
35383
35415
35423
35432
35433
35642
35647
35668
35691
35919
36035
36222
36729
36744
36752
36764
36807
36856
36859
36952
37130
37224
37362
37437
37511
37520
37571
37588
37603
37626
37698
37705
37819
37957
38053
38144
38154
38192
38214
38220
38241
38244
38263
38433
38479
38650
38879
38918
38941
38961
39000
39026
39109
39110
39111
39123
39126
39134
39138
39143
39158
39178
39186
39205
39223
39321
39628
39653
39697
39842
39867
39912
40028
40057
40089
40471
40494
40531
40769
40779
40792
40828
40960
40990
40999
41005
41024
41071
41079
41385
41398
41413
41426
41439
41538
41539
41661
41670
41675
41739
41747
41757
41760
41763
41796
41805
41864
42046
42169
43594
44132
44397
44408
44412
44466
44632
44689
44690
44692
44694
44698
44737
44840
45034
45042
45069
45129
45438
45477
45533
45709
45762
45767
45828
45846
46017
46191
46221
46630
46742
46820
46830
46867
46869
46956
46957
47025
47120
47270
47306
47322
47360
47392
47424
47442
47685
47695
47696
48016
48032
48064
48082
48109
48121
48170
48173
48270
48292
48323
48476
48566
48642
48877
48900
49075
49148
49188
49329
49350
49354
49511
49543
49595
49760
49836
49950
49996
50002
50015
50026
50044
50188
50277
50341
50364
50382
50402
50551
50625
50640
50651
50794
50804
50929
50984
51022
51159
51196
51197
51202
51205
51209
51311
51328
51533
51575
51660
51662
51800
51857
51875
52016
52183
52316
52369
52734
52976
53157
53237
53348
53444
53670
53782
53817
54188
54194
54252
54272
54279
54351
54353
54829
54885
54905
54931
54981
55012
55079
55322
55339
55362
55473
55557
55574
55735
55849
56143
56413
56694
56733
56931
57115
57148
57157
57175
57192
57273
57395
57539
57943
58110
58146
58282
58300
58459
58466
58545
58551
58556
58560
58586
58633
58659
58684
58693
58703
58741
58773
58778
58803
59195
59469
59493
59598
59611
59624
59736
59860
59889
60012
60059
60390
60556
60558
60598
60612
60618
60655
60709
60743
60747
60753
60787
60796
60832
61044
61045
61057
61059
61140
61224
61258
61263
61509
61612
61677
61738
61848
62096
62113
62207
62216
62234
62314
62637
62683
62724
62754
62762
62942
63092
63184
63228
63378
63467
63610
63738
63810
64055
64120
64128
64129
64163
64170
64231
64241
64263
64499
64585
64591
64627
64765
64859
64971
65419
66219
66341
66382
66410
66411
66420
66539
66729
66945
66963
67011
67162
67603
67613
67681
67717
67725
67778
67779
68433
68463
68469
68637
68731
68740
68753
68783
68805
68914
69064
69203
69243
69252
69269
69272
69299
69352
69371
69376
69460
69469
69710
69905
69928
69961
69966
70294
70308
70315
70323
70473
70634
70739
70773
70930
70932
70958
70970
70976
71142
71171
71174
71180
71211
71220
71230
71250
71259
71312
71343
71415
71426
71502
71771
72116
72119
72145
72177
72191
72735
72864
72865
72914
73248
73317
73375
73377
73428
73435
73567
73719
73768
74167
74170
74180
74183
74200
74201
74215
74295
74296
74307
74438
74596
74964
74966
74968
74969
75034
75036
75049
75241
75652
75855
76080
76203
76254
76404
76489
76532
76548
76642
76676
76710
76715
76728
76798
76806
76960
76984
77087
77851
77945
78264
78341
78348
78510
78533
78541
79033
79226
79593
79615
79684
79712
79713
80109
80230
80259
80639
80767
80824
80845
80977
81009
81454
81473
81765
82056
82393
82465
82733
83018
83025
83210
83340
83385
83943
84111
84172
84221
84341
84535
84584
84863
85097
85129
85157
85173
85178
85209
85234
85242
85261
85387
85509
85651
85916
85920
85986
86148
86386
86599
86632
86768
86789
86835
86881
86905
86909
86990
87193
87218
87224
87276
87278
87280
87302
87361
87456
87518
87528
87712
87831
87855
87866
88310
88546
88564
88770
88858
88987
89148
89252
89297
89338
89356
89386
89432
89493
89540
89600
90028
90090
90105
90126
90134
90151
90204
90220
90309
90365
90382
90441
90554
90555
90635
90787
90842
90862
90946
90960
90992
91179
91229
91252
91265
91271
91275
91346
91593
91885
91897
91913
92038
92047
92062
92063
92069
92070
92078
92151
92209
92223
92231
92268
92319
92445
92457
92464
92468
92480
92496
92773
92807
93052
93177
93471
93687
93784
93967
94063
94104
94153
94387
94643
94909
94943
95384
95525
95676
95812
95819
95844
95855
95906
96063
96086
96102
96189
96207
96252
96307
96342
96416
96602
96653
96797
96801
96836
96897
96905
96953
96975
96984
97055
97151
97226
97306
97355
97550
97579
97645
97704
97980
98295
98660
98891
98894
99300
99322
99757
99894
99905
100117
100160
100772
101070
101783
101814
101824
101896
102047
102192
102413
102508
102512
102513
102548
102550
102555
102784
102827
102850
102859
103530
103641
103643
103659
104136
104274
105180
105442
105458
105463
105497
105549
105807
105891
105898
105920
105921
105940
105952
105972
106076
106078
106246
106712
106831
107058
107156
107440
107563
107609
107647
107762
107846
107923
107963
107976
108025
108049
108500
108579
108625
108797
109145
109502
109539
109612
109618
109640
109692
109699
109701
109835
109904
109942
109963
110127
110473
110486
110502
110821
110931
111024
111194
111195
111249
111374
111516
111572
111574
111611
111664
111903
111906
112008
112122
112133
112191
112194
112223
112372
112444
112484
112486
112499
112517
112635
112947
113056
113077
113106
113177
113182
113347
113530
113605
113639
113769
113824
113860
113880
113881
114122
114229
114241
114242
114262
114266
114382
114387
114441
114526
114533
114642
114823
114873
115252
115257
115395
115405
115435
115447
115501
115614
115650
115659
115668
115682
115725
115838
115906
115968
115988
116068
116073
116078
116551
116728
116839
116852
116866
116913
116939
116989
117388
117462
117522
117551
117621
117737
117772
117845
117918
117933
117962
118030
118033
118059
118108
118213
118237
118260
118292
118353
118369
118386
118391
118657
118670
118811
118896
119746
119775
119806
119845
119873
119879
120003
120112
120174
120218
120246
120305
120327
120372
120405
120410
120421
120422
120479
120532
120544
120717
120796
120831
120877
120978
121079
121342
121357
121558
121751
121753
121809
121835
121876
122075
122243
122278
122304
122313
122335
122393
122582
122667
122710
122805
122899
123006
123077
123117
123119
123174
123179
123300
123301
123389
123399
123460
123659
123683
123782
124227
124473
124491
124535
124576
124677
124756
124863
124905
125009
125018
125052
125173
125260
125293
125306
125327
125352
125381
125476
125514
125537
125547
125597
125613
125620
125651
125661
125671
125707
125750
125788
125871
125899
125946
125960
126018
126105
126124
126215
126423
126463
126472
126518
126580
126779
126813
126878
126969
127005
127119
127145
127161
127210
127257
127396
127408
127424
127779
127843
127845
127915
127962
128058
128065
128086
128088
128114
128248
128268
128599
128655
128663
128739
128898
128915
129000
129003
129142
129174
129346
129615
129720
129721
129722
129800
129815
129830
129840
129995
130024
130065
130092
130184
130351
130451
130456
130899
130916
130927
131179
131355
131477
131573
131666
131675
131857
131953
132164
132302
132309
132750
132792
132796
132853
132867
132973
133332
133344
133386
133521
133539
133579
133581
133585
133667
133669
133842
133870
133997
134108
134239
134259
134591
134802
134812
134935
135365
135372
135407
135418
135459
136226
136396
136726
136958
137526
137755
137865
138125
138177
138306
138311
139011
139139
139197
139201
139293
139303
139311
139318
139466
139580
139590
139595
139642
139644
139680
139695
139742
139877
139905
139918
140054
140082
140294
140622
140623
140725
140727
140735
140829
140988
141310
141377
141382
141471
141593
141664
141731
141777
141840
142005
142061
142246
142556
142559
142634
142708
142817
142956
143267
143281
143283
143323
143334
143518
143564
143573
143624
143758
143847
143871
143944
144195
144313
144340
144522
144595
144599
144622
144623
144670
144834
144860
144863
145161
145179
145280
145376
145663
145724
145742
145774
145785
145808
145888
145967
145989
146423
146432
146433
146986
147009
147080
147183
147301
147353
147355
147708
147721
147885
147939
148039
148092
148245
148306
148386
148411
148477
148499
148599
149003
149255
149269
149330
149384
149390
149456
149536
149622
149644
149727
149865
149924
149933
149937
150161
150239
150251
150333
150413
150418
150486
150557
150594
150671
150868
150988
151052
151123
151315
151395
151449
151571
151583
151587
151637
151675
151798
151867
152110
152137
152246
152539
152662
152755
152769
152789
152827
152924
153029
153046
153087
153135
153142
154016
154038
154078
154168
154246
154261
154274
154341
154347
154474
154475
154484
154489
154495
154505
154521
154562
154755
154779
154867
154892
155023
155025
155056
155061
155062
155082
155085
155098
155101
155142
155419
155705
155732
155737
155800
155802
155815
155838
156038
156039
156152
156154
156164
156194
156401
156521
156532
156534
156541
156592
156635
156903
156980
156989
157015
157041
157051
157119
157123
157136
157138
157188
157238
157254
157419
157686
157689
157836
158050
158088
158176
158567
158594
158685
158696
158728
158754
158756
158771
158841
158866
159201
159218
159238
159318
159451
159525
159970
160485
160561
160655
160679
160689
160755
160777
160935
160980
161068
161072
161094
161095
161155
161199
161293
161301
161435
161442
161559
161680
161690
161735
161773
161992
162251
162423
162440
162700
162805
163071
163075
163208
163270
163329
163333
163379
163432
163440
163509
163598
163611
163620
163717
163736
163765
163770
163777
163857
163874
163957
164171
164199
164449
164466
164642
164657
164687
164711
164791
164840
164980
165073
165203
165431
165918
165967
166004
166016
166093
166346
166354
166450
166493
166584
166619
166620
166645
166861
166873
166944
167101
167320
167481
167501
167566
167621
167626
167636
167673
167678
167719
167828
168034
168152
168197
168225
168248
168845
168848
168860
168907
169378
169452
169464
169500
169512
169530
169624
169754
169861
169920
169951
169981
170091
170174
170223
170263
170474
170497
170513
170868
171051
171073
171078
171154
171219
171255
171273
171366
171393
171516
171553
171572
171642
172234
172293
172493
172510
172559
172616
172756
172772
172812
172869
172963
173152
173172
173178
173221
173324
173370
173630
173730
174059
174080
174716
174756
174777
174827
175151
175538
175642
175811
176131
176137
176214
176268
176269
176279
176468
176623
176711
176763
176777
176858
176906
177043
177050
177078
177185
177223
177227
177240
177427
177490
177494
177500
177557
177586
177588
177656
177672
177993
178069
178150
178224
178643
178650
178751
178948
178979
179048
179200
179266
179445
179446
179561
179660
179741
179791
179879
179900
180011
180057
180101
180104
180155
180283
180396
180422
180423
180737
180741
180743
180752
180755
180801
180897
180957
181246
181262
181365
181396
181440
181585
181602
181680
181690
181721
181754
181873
181895
182008
182046
182092
182095
182228
182393
182398
182410
182480
182614
182657
182659
182662
182682
182689
183013
183130
183278
183281
183330
183408
183486
183509
183572
183585
183586
183657
183683
183704
183721
183878
183884
183906
183914
183984
184136
184729
184778
184893
184904
184964
184967
184995
185313
185354
186111
186180
186184
186247
186334
186344
186450
186573
186637
186711
186860
186922
187021
187052
187154
187216
187321
187356
187418
187441
187545
187731
187868
187878
187954
188055
188063
188149
188239
188363
188618
188662
188711
188864
188889
189185
189233
189263
189340
189468
189507
189562
189665
189671
189677
189738
189804
189816
189819
189910
190034
190144
190168
190198
190282
190287
190362
190454
190460
190528
190779
190790
190792
190876
190993
191057
191175
191316
191472
191556
191577
191860
191975
192034
192105
192118
192184
192189
192192
192195
192196
192456
192527
192557
193094
193213
193220
193429
193524
193962
193967
194070
194072
194240
194262
194322
194356
194465
194474
194547
194572
194578
194611
194647
194692
194739
194893
195073
195092
195142
195408
195443
195808
195833
196171
196383
196429
196540
196630
196689
196718
196905
197081
197102
197107
197125
197162
197180
197229
197356
197524
198077
198101
198108
198213
198343
198539
198555
198858
198861
199381
199400
199405
199451
199461
199474
199501
199582
199630
199768
200011
200127
200303
200581
201160
201320
201414
201703
201793
202030
202284
202501
202541
202756
202999
203261
203295
203433
203440
203543
204639
204948
205275
205644
205751
205768
205780
205781
205784
206108
206123
206209
206309
206312
206561
206575
206773
206781
207075
207177
207237
207245
207539
207548
207673
207783
207814
207836
207946
208346
208348
208360
208386
208542
208553
208614
208689
208772
208795
208798
208907
208922
208955
209208
209298
209521
209606
209754
209772
209924
210091
210147
210427
210434
210470
210735
210782
211111
211164
211275
211362
211420
211663
211766
211810
211815
212067
212457
212673
212837
212853
212877
212907
213020
213055
213550
213780
213939
213980
214154
214155
214206
214262
214441
214442
214445
214534
214548
214879
214917
214959
214972
215592
215686
215737
215746
215830
216060
216078
216109
216364
216389
216487
216492
216519
216629
216722
216727
216809
217189
217239
217265
217469
217517
217541
217763
217849
217987
218268
218371
218444
218489
218587
218852
219125
219142
219153
219181
219220
219229
219235
219274
219406
219446
219557
219590
219613
219824
219835
219851
220033
220081
220174
220198
220215
220229
220251
220299
220387
220452
220468
220476
220498
220618
220676
220933
221092
221094
221319
221433
221440
221482
221531
221533
221611
221680
221985
221992
222062
222068
222074
222080
222120
222282
222288
222341
222342
222414
222420
222421
222466
222516
222559
222572
222923
222955
222964
223144
223204
223208
223356
223367
223386
223614
223755
223878
224217
224250
224733
225042
225156
225527
225537
225541
225602
225863
226112
227139
227365
227366
227826
227828
227837
227946
228264
228395
228534
228577
228588
228596
228740
228748
228787
228791
229048
229113
229165
229245
229415
229947
230262
230660
230664
230676
230706
230750
230812
230941
231283
231689
231757
231773
231882
231933
231987
232137
232274
232424
232518
232757
232758
232846
232869
232956
233235
233263
233325
233410
233504
233708
233772
233873
233963
233967
234085
234161
234210
234452
234459
234635
234861
234922
234924
234997
235012
235100
235345
235479
235520
235580
235601
235754
236093
236475
236522
236576
236697
236732
236922
237056
237057
237094
237284
237289
237647
237654
237954
238030
238051
238060
238063
238267
238296
238387
238404
238501
238574
238623
239499
239514
239537
239623
239852
239989
240261
240364
240385
240442
240446
240454
240477
240648
240821
240845
240958
241289
241345
241409
241427
241460
241572
241686
241740
242162
242283
242306
242319
242332
242544
242550
242616
242879
242882
243077
243098
243177
243341
243365
243400
243439
243612
243700
244001
244113
244206
244257
244259
244582
244632
244646
244687
244699
244797
244963
244977
245008
245142
245172
245365
245466
245680
245756
245835
245849
245857
245928
246044
246268
246308
246454
246455
247013
247033
247194
247280
247315
247320
247328
247551
247599
247620
248537
248665
249006
249116
249629
249647
249764
249789
249806
249809
249995
250023
250035
250067
250278
250450
250581
250609
250707
250830
250985
251012
251046
251149
251261
251288
251344
251367
251449
251483
251517
251744
251906
252006
252031
252066
252110
252230
252275
252410
252491
252583
252776
252879
252956
253003
253035
253092
253189
253260
253750
254335
254504
255124
255148
255268
255748
255749
255879
255905
255916
255918
255984
256032
256419
256472
256549
256641
256682
256712
256961
256978
256987
257152
257879
257966
257976
258151
258212
258257
258277
258432
258495
258798
258890
258897
258972
258973
258979
259262
259351
259353
259569
260289
260620
260709
261123
261167
261272
261290
261345
261541
261590
261785
262318
262331
262481
262683
262823
262919
262941
262951
262971
263124
263214
263226
263708
263808
264275
264399
264443
264535
264800
264825
264827
264903
264940
265341
265460
265550
265820
266119
266211
266219
266233
266416
266783
266789
266824
266847
266939
267053
267203
267303
267361
267690
267725
267811
267863
267921
267925
268088
268176
268260
268474
268481
268524
268922
269084
269088
269110
269140
269260
269518
269604
269997
270279
270293
270306
270320
270345
270437
270445
270539
270827
271256
271328
271674
271948
272063
272612
272623
272632
272695
272701
272752
272940
273328
273721
273726
273730
273761
273770
274473
275546
275619
275748
275888
275898
275991
275995
276078
276086
276087
276102
276317
276370
277139
277568
277796
278418
278552
278759
278902
278904
278929
278983
279097
279353
279423
279425
280378
280496
280733
280966
281038
281083
281132
281175
281569
281639
281694
281760
282009
282041
282111
282559
282597
282622
282900
282923
283108
283344
283426
283556
283692
283708
283921
284193
284332
284366
284739
284833
285028
285062
285067
285502
285532
285713
285752
285772
286510
286707
286717
286735
286746
286841
286939
287293
287371
287424
287539
287633
287939
287960
288146
288147
288154
288178
288257
288617
288872
289115
289119
289217
290061
290089
290448
290553
291106
291207
291343
291408
291422
291467
291483
291495
291511
291607
291969
291973
292028
292119
292478
293093
293480
293483
293599
294013
294040
294063
294105
294571
294587
294595
295088
295121
295266
295309
295335
295352
295483
295541
295642
295675
296246
296427
296516
296548
296570
296596
296606
296642
297005
297229
297321
297389
297431
297718
297771
297814
297850
297887
298118
298159
298491
298601
298692
298723
299049
299113
299350
299402
299504
299544
299551
299554
299669
299864
299887
300087
300144
300520
300613
300703
301306
301318
301360
301364
301436
301470
301481
301486
301523
301526
301863
301906
302224
302242
302338
302753
303122
303130
303168
303706
303828
303943
303958
303982
304067
304160
304264
304391
304555
304723
304792
304892
305029
305603
305651
305822
306060
306280
306325
306588
306595
306599
306763
307559
307813
307889
308033
308098
308119
308125
308148
308164
308442
308561
308829
309165
309338
309444
309453
309613
309614
309812
310079
310126
310302
310306
310331
310385
310397
310425
310434
310437
310473
310480
310481
310541
310855
310876
310886
310899
311044
311056
311059
311106
311157
311318
311485
311566
311794
311947
311993
312152
312512
312538
312576
312842
312845
312932
312951
313163
313413
313667
313682
313697
313730
313777
313800
313802
313897
313901
313972
314115
314211
314226
314250
314275
314406
314469
314545
314779
314875
315071
315360
315438
315469
315484
315705
315779
315960
316154
316276
316288
316333
316410
316420
316527
316528
316627
316632
316951
317237
317242
317273
317334
317374
317625
317791
317979
318043
318294
318358
318586
318606
318670
318768
318778
318891
319013
319018
319042
319409
319774
319784
319844
319859
319862
319934
320011
320160
320185
320213
320273
320378
320389
320487
320504
320565
320624
320658
320724
320871
320917
321031
321072
321095
321313
321336
321384
321471
322011
322159
322456
322481
322495
322890
322927
322935
322959
323028
323281
323289
323318
323418
323503
323529
324018
324153
324594
324627
324629
324677
324942
325247
325316
325434
325463
325502
325528
325878
326081
326204
326257
326283
326368
326545
326556
326617
327040
327095
327169
327192
327266
327332
327340
327406
327537
327627
327688
327825
327875
328025
328074
328145
328229
328234
328238
328344
328394
328398
328400
328749
329122
329224
329246
329440
329449
329550
329645
329664
329680
329747
329858
329879
329951
330093
330115
330531
331033
331252
331270
331466
331746
331770
331834
331840
332135
332301
332362
332518
332676
333075
334378
334398
334930
335103
335186
335215
335264
335276
335833
335869
336431
336444
336592
336597
336628
336817
336926
337076
337789
337932
337981
338572
338654
339035
339194
339216
339252
339309
339365
339476
339576
339625
339627
339725
339782
339921
340112
340287
340322
340678
340687
340703
341360
341876
342050
342487
342939
342948
342991
343009
343040
343382
343393
343721
343723
343865
343982
344084
344097
344149
344222
344351
344373
344378
344539
344883
345026
345068
345089
345097
345263
345631
345655
345726
346198
346816
346988
347174
347644
348368
348483
348974
349032
349679
349926
350393
351117
351464
351708
351874
351928
353595
353795
354033
354249
354547
354835
355438
356671
357601
357750
357831
359076
360926
361087
362274
364686
364903
366098
366146
366151
366238
366257
366265
366966
367446
367554
368858
369167
369254
369330
369339
369574
369619
371035
372028
372423
372503
373114
373502
373591
373654
373900
374384
374453
374505
375026
375463
375468
375494
375508
375965
375970
376081
376369
376397
376605
376771
376904
377839
378151
378167
378424
378469
378472
378595
378709
378754
378782
378784
378804
378962
379013
379077
379159
379234
379382
379477
379508
379591
379617
379633
379796
379797
380141
380157
380202
380487
380566
380660
380832
380936
381290
381530
381584
381649
381651
381772
382130
382291
382407
382537
382613
382882
383375
383591
383905
384023
384084
384222
384264
384439
384447
384476
384856
385019
385037
385462
385511
385805
385830
386075
386142
386523
386673
386722
386723
386731
386735
386742
386761
386778
386781
387212
387293
387991
388115
388273
388356
388387
388434
388645
388649
388930
388950
389251
389253
389576
389721
389829
390013
390015
390023
390156
390180
390300
390688
390694
391065
391401
391493
391656
391828
392282
392305
392327
392472
392506
393014
393219
393450
393727
394197
394731
394787
394823
394856
394865
395305
395503
396028
396054
396204
396386
396405
396741
397120
397198
397326
397378
397520
397618
397760
397881
398134
398158
398163
398223
398261
398325
398337
398424
398492
398552
398624
398685
398702
398962
398998
399076
399116
399220
399228
399278
399304
399307
399331
399404
399552
399793
399856
399963
400141
400143
400159
400178
400186
400592
400611
400771
400844
401038
401048
401246
401348
401680
401798
401824
401906
401916
402438
402461
402667
402787
402910
403478
403902
403978
404026
404054
404068
404093
404189
404357
404373
404939
405120
405539
405593
405620
405717
405894
405952
405957
406088
406212
406224
406249
406305
406394
406400
406492
406568
406571
406589
406914
407232
407670
407809
407823
408026
408120
408390
408534
408716
408886
408964
409048
409308
409450
409474
409478
409521
409647
409916
410012
410032
410220
410408
410447
410453
410542
410691
410840
411014
411015
411134
411236
411424
411432
411568
411656
411708
411872
412075
412203
412361
412445
412885
412930
412988
413075
413143
413243
413248
413321
413358
413601
414231
414438
414545
415051
415096
415212
415236
415695
415879
415987
416054
416352
416653
417411
417422
417709
417713
417726
417743
417974
418143
418663
418792
419186
419475
419476
419590
419628
420128
420504
420518
420521
420523
421142
421779
421949
422095
422353
422822
422891
422911
422915
423183
423316
423442
423759
424324
424451
424523
424675
424901
426443
426575
426967
427452
427572
427930
427966
427988
429071
429086
430345
430537
430601
431242
431698
431861
431863
431987
432133
432316
432376
432529
432692
433085
433184
433229
433261
433287
433477
433758
434084
434315
434720
434775
434954
435114
435144
435167
435178
435276
435280
435282
435284
435287
435402
435546
435745
435801
435812
435873
435880
435882
435945
435976
436128
436400
436429
436433
436528
436662
436981
437146
437420
437459
437682
438002
438226
438416
439165
439385
439425
439549
439716
439731
439750
439802
439923
439949
440037
440421
440470
440538
440916
440952
440970
441017
441020
441066
441385
441526
441581
441630
441682
442279
442437
442458
442464
442663
443026
443209
443213
443442
443544
443893
444099
444124
444160
444229
444285
444334
444501
444570
444615
444847
444968
445032
445090
445105
445116
445176
445199
445367
445723
445731
446106
446412
446442
446490
447119
447173
447693
447757
448627
448641
448680
448709
448986
449328
449345
449846
449899
450075
450126
450128
450178
450189
450212
450243
450319
450418
450527
450592
450822
450850
451025
451100
451361
451885
451896
451909
451943
452412
452473
452529
452552
452592
452687
452702
452949
453319
453335
453516
453527
453548
453659
453674
453852
455713
455744
455807
456262
456448
456461
456710
457427
458000
458019
458092
458111
458135
458216
458269
458272
458476
458564
458694
458735
458736
458795
458821
458930
458985
459009
459139
459238
459263
459312
459323
459347
459515
459540
459589
459660
460971
460988
461057
461060
461118
461126
461204
461219
461233
461321
461403
461412
461414
461895
462188
462255
462866
462997
463055
463235
463255
463352
463383
463474
465226
465228
465272
465323
465359
465491
465526
465533
465865
465899
465985
465989
466179
466200
466266
466397
466402
466413
466693
468049
469229
469262
469330
469354
469372
469397
469406
469448
469539
469862
470413
470563
470739
470741
470760
470817
470915
471031
471100
471257
472155
473897
474174
474727
475586
475638
475694
475715
476895
476913
477907
478080
478174
478186
478241
478268
478353
478366
478443
479386
479981
480003
480026
480030
480085
480606
480611
481515
481516
481600
482944
482975
483121
483252
483338
483340
483385
483674
484359
484400
484627
484665
484736
484867
484893
484910
485101
485445
485488
485578
485694
485887
485957
486488
487473
487880
488314
489135
489169
489320
489417
489458
490194
490216
490335
490638
490838
490842
490854
490866
490869
490892
492442
492906
493103
493449
493587
494143
494333
494622
494695
494763
494773
495145
495172
495234
495432
495595
495884
496264
496415
496424
498472
498491
499062
499307
500037
500739
500964
501025
502062
502238
502317
502582
502810
502813
502841
502843
503249
503440
504051
504111
504113
504152
504271
504469
504619
504723
504959
505434
505525
505550
505556
505582
505619
505705
505779
505846
505873
505889
506007
506015
506024
506530
506753
506786
506994
507867
508102
508813
509348
509374
509423
510018
510023
510490
510510
510910
510921
511704
512303
512595
512639
512928
513539
514047
514102
514165
514531
514819
515144
515172
515177
515212
515259
515590
516026
516546
516640
516885
517715
517762
517787
518411
518975
519020
519177
519516
519839
520100
520419
520583
520866
520899
520946
521014
521365
522012
522018
522107
522147
522204
522493
523001
523171
523528
523851
523858
524049
524184
524633
524935
526842
526876
527206
527322
527646
527767
529173
529308
529333
529335
529745
529860
529953
530014
530249
530454
530610
531158
531969
532012
533404
533713
534923
535105
535187
535188
535268
535274
535559
535589
535619
535625
536433
536597
536718
536758
536766
536956
537201
537953
538169
538218
538234
538246
538994
539198
539277
539430
539666
540586
540997
541037
541222
541247
541894
542263
542675
542809
543373
543430
543438
543471
543537
543560
543627
543978
543987
543989
544103
544975
544984
544987
546624
547202
547321
548533
549684
549690
549730
549847
550128
550259
550299
550721
551019
551306
551347
551356
551742
551954
551992
552300
552304
552604
553225
553350
553580
553731
553905
555091
555380
555381
555384
555433
555489
555676
555980
556389
556391
557131
557624
557986
557989
558407
559441
559503
560048
560329
560398
560484
560619
560675
560680
560774
560787
560854
560856
561152
561259
561278
561335
561640
561737
562487
562554
562622
562632
562760
562806
562908
562916
563065
563127
563133
563445
563547
564419
564444
564453
564583
564807
564835
565037
565116
565169
565181
565365
565718
565719
565739
565761
565803
566191
566319
566717
566813
567064
567066
567092
567227
567300
567543
567718
567879
568170
568172
568553
568795
568799
568925
569455
569510
569690
569975
570273
570368
570728
571206
571366
571375
571672
571680
571880
572095
572619
572802
572851
572886
573065
573098
573172
573500
573542
573655
573692
573870
574186
574209
574253
574583
574590
574688
575878
576222
576467
576560
576640
576854
577066
577114
577139
577225
577245
577702
578001
578096
578221
578232
578817
578894
579057
579439
579595
580301
580389
580815
581122
581148
581261
581262
581670
582714
582975
583155
583226
583419
583454
583924
583996
584026
584051
584372
584440
584454
584639
585504
585544
585590
585911
586295
586340
586352
586428
586452
586831
586893
586930
587001
587512
588144
588887
588966
589327
589423
589555
589584
589643
589925
590039
590238
590477
590527
590627
590739
591055
591287
591415
591505
591972
591994
592059
592147
592250
592287
593159
593650
593729
593817
593955
594156
594305
594984
595045
595050
595298
595824
595865
595994
596018
596162
596199
596621
596725
596760
597111
597597
598313
598502
598510
598610
598619
598760
598806
598813
599412
599566
599656
599854
599898
600111
600125
600233
600499
600505
600954
600955
601169
601191
601214
601267
602205
603197
603278
603628
603708
603827
603831
604818
604833
605406
605463
605998
606027
606215
606340
606351
606926
606990
607006
607015
607018
607019
607955
607983
608139
608146
608278
608518
608826
609031
609426
609716
609862
610299
610430
610474
610531
610603
610672
611579
611983
611990
612016
612161
612383
612540
612606
612626
612653
612710
612790
612934
612969
613078
613139
613251
613300
613550
613625
613801
613822
613849
614442
614519
614892
615246
615452
615732
615739
615751
615760
615798
615935
616008
616154
616206
616209
616242
616481
616591
616651
617042
617338
617846
617957
618218
618404
618407
618533
618545
619002
619135
619399
619791
619958
620358
620430
620899
620956
621035
621039
621157
621570
621573
621972
621991
622279
622504
622706
622747
623213
623274
623747
623834
623986
624785
624935
625240
625243
625276
625769
625854
625865
626249
626599
626765
626953
627084
627281
627483
627902
629075
629468
629581
629850
631147
631173
631288
631299
631708
631786
631788
632178
632997
633093
633553
633599
633607
633906
634043
634065
634085
634633
634639
634645
634862
634871
634982
635039
635083
635352
635455
635622
635657
635846
636058
636148
636601
636604
636620
636625
636704
636720
637237
637269
637678
638349
638369
638439
638514
638755
638838
638851
638859
638996
639012
639123
639626
639696
639713
640401
640405
640475
640625
640667
640684
641386
641412
641475
642489
642622
643284
644177
644292
644326
645076
645255
645276
645513
645546
645735
646092
646176
646444
646456
646611
647494
647610
647979
648023
648027
648638
649029
649357
649495
649539
649560
649573
649667
650350
650391
650430
650600
651034
651952
652090
652225
652270
652331
652389
652532
652610
652902
652991
653233
653435
653530
653958
654174
654418
654449
654472
654601
654674
654730
654779
654855
654910
654983
654987
655213
655497
655515
655969
656818
656844
656961
656972
657055
657490
657526
657796
658026
658065
658131
658169
658419
658431
658510
658646
658717
659231
659236
659404
660483
660510
661090
661180
661220
661499
661547
661562
661572
661689
661766
661855
662559
662562
662637
662644
662688
662901
662910
663045
663066
663533
663784
663845
664073
664115
664317
666740
666787
666959
667127
667670
667789
667820
668036
668398
669249
669563
669748
669870
670159
671150
672120
672553
672615
672637
672680
673193
673268
673281
673282
673368
673436
673597
673917
674520
675149
675685
675698
675937
676276
677227
677242
677752
678284
678285
678305
678308
678316
678326
678332
679080
679305
679443
679635
679777
679888
680247
680250
680422
681098
681232
681234
681502
681504
681539
681619
681858
681898
682081
682467
683116
683256
683386
683536
683754
683926
684534
685343
685465
685689
685757
686178
686216
686345
686361
686368
686535
686596
686613
686643
686935
687325
687331
688015
688389
688793
689032
689339
689348
689722
689966
690151
690437
690660
690808
691090
691214
691246
691274
691279
691291
691292
691305
691316
691349
691351
691610
691906
692453
693435
694057
695304
695798
695949
696145
696332
696525
696580
697302
697309
697693
697900
697945
698104
698220
698652
698969
699385
699416
700694
700738
701502
701629
702234
702316
702325
702335
702437
702446
702534
702812
702902
702934
702957
703221
703315
703362
703451
703498
703708
703860
704445
704465
704479
704554
705027
705148
705214
705343
705412
705413
705428
705458
705463
705479
705978
706017
706057
706073
706157
706310
706470
706494
706567
706588
706614
707158
707631
707657
707906
708114
708138
708158
708307
708552
708682
708796
708804
708872
708890
709108
709109
709131
710049
710090
710272
710305
710344
711104
711110
711228
711307
711655
711748
711857
711917
712272
712485
712500
712524
712597
712674
712681
712863
712980
713063
713065
713127
713189
713221
713265
713269
713550
713638
713738
713808
713920
714019
714146
714308
714396
715219
715331
715332
715472
715847
715982
715983
716219
716433
717539
717610
718265
718304
718496
718527
718783
718810
718841
719228
719236
719294
719348
719523
719700
719909
720975
721047
721433
721438
721547
721834
721876
722113
722146
722151
722273
722333
723017
723230
723242
723273
723376
723516
724280
724841
725942
726159
726669
726785
727168
727536
727715
727738
727742
727761
727793
728405
728645
728676
728681
728769
728816
729584
729892
730951
730993
731000
731883
732070
732458
732593
733021
733319
733985
734333
734397
734714
735701
735968
736573
736578
736807
736888
736905
736927
737137
737158
737195
737333
737387
737842
738020
739389
739415
739541
739640
739718
739962
740256
740358
740456
740461
740476
740843
741485
741540
742458
742636
742753
742873
742919
742943
743216
744682
744695
744997
745104
745336
745583
745589
745737
745778
746561
747841
748201
748869
749288
750073
750706
750816
750886
751567
751573
752134
752381
752470
752659
752982
753594
753791
753867
753878
754294
754308
754365
754488
755148
756011
756203
756590
756806
756973
757207
757273
757763
757764
758180
758205
758313
758372
758992
759108
759438
760462
760528
760545
760843
761061
761114
761488
761775
761879
761930
762315
762859
763063
763086
763115
763120
763123
763589
764254
764460
764785
764989
765405
765406
765520
765590
765696
765725
765739
766088
766684
766984
767057
767058
767552
767768
767871
768058
768084
768224
768862
769109
769181
769475
769983
770537
770678
771029
771144
771146
771345
771531
771675
771887
772200
772268
772353
772531
772787
772820
773311
773563
773675
773680
773726
774551
774739
774745
774759
774890
774988
775074
775258
776240
776625
776821
776861
776925
776943
777910
778006
779049
779407
779904
780014
780411
780549
780868
780891
780978
781053
781057
781109
781170
781193
781249
781943
782150
782220
782332
782337
782421
782444
782838
782840
782906
782918
782924
783242
783321
783402
783467
783686
783789
784170
784227
784277
784576
784808
785870
785982
786432
786520
786612
786623
786755
786948
787016
787096
787174
787718
787918
788017
788525
789348
789751
789754
789791
789963
789980
789985
789986
790014
790038
790049
790054
790594
790701
790708
791334
791577
791596
792451
792495
792948
793119
793123
793124
793164
793167
793208
793243
793768
795536
795588
796522
797389
797715
797784
798100
798131
798132
798135
798271
798703
798938
800023
800042
800299
800817
801261
801522
801546
801950
801983
802074
802504
802535
802546
802558
802742
803108
803162
803163
803177
803213
803369
803720
803745
803824
804113
804196
804605
805012
805197
805352
805381
805503
805505
805695
806635
807168
808219
808808
808922
809083
809200
809926
809996
810303
810978
811073
811508
812078
812236
812253
812603
812909
812973
813255
813325
813420
813422
813546
813681
813724
813989
814083
814500
814555
814767
815310
815433
815470
815601
815781
815809
816135
817701
817754
818044
818624
819059
820694
820713
820829
821123
821678
821689
822496
822530
822583
822619
822791
822815
823115
823291
823362
823923
824055
824333
824489
824670
824758
826060
826286
826434
826530
826531
826545
826561
826789
826986
827760
828198
828509
828521
828973
829123
829474
829484
829500
829699
829778
829994
830079
830858
831367
831461
831469
831501
831740
832502
832538
833422
834941
835458
835501
835578
835687
836149
836265
836831
837163
837236
837635
837669
838028
838120
838332
838519
838945
839051
839154
839805
839933
840002
840089
840295
840335
840337
840354
840362
840465
840871
841821
842371
842704
842750
842987
843233
843235
843275
843650
845365
846265
846330
846665
846989
847603
847888
847979
848677
848985
849658
850217
850310
850481
850668
850710
850728
852043
852429
852772
853102
853222
853236
853860
853925
854073
854139
854571
855004
856093
856298
857002
857237
857258
857284
857334
857558
858083
858528
858608
859667
859674
859736
859960
860244
860559
860831
861255
861720
861833
862081
862111
862932
863403
863597
863734
863952
864178
864326
865608
866316
867167
867259
867291
867397
867686
867777
868180
868274
868435
868461
869464
869797
870140
871153
871464
871521
871750
872329
872425
872846
873218
873272
873473
873622
873713
874576
874810
875067
875254
875256
875733
876228
876917
877435
877721
878066
878156
878169
878173
878183
878184
878188
878359
878549
878837
878858
879016
879249
879253
879397
879413
879541
879618
880112
880384
880484
880486
880490
881750
882364
882398
883165
883187
883191
883259
883286
883380
883571
883718
883828
883835
884211
884765
885022
885871
886016
887558
887641
887694
887719
887776
887964
888188
888510
888598
889117
889276
889639
889668
889716
889746
890242
890353
890479
890707
891066
891678
891803
892103
892634
893116
893686
894220
894454
894782
895128
895202
895346
895807
895845
896325
896337
896701
896842
897044
897065
897228
897698
897839
898317
898922
899019
899548
899667
900560
900641
901065
901224
901228
901772
902386
902796
902969
903107
903109
903484
903875
904161
904596
905125
905359
905416
905841
906472
906563
906819
907061
907819
908299
908355
908774
909054
909480
909879
910153
910438
910446
910754
911104
911489
911563
911784
912372
912666
913620
914110
914220
915374
915641
915681
916389
916399
916555
916706
917154
917234
917302
917732
918131
918558
919279
919727
920451
920701
922025
922402
922406
922442
922804
922809
923069
923110
923257
923315
923495
924122
925307
925385
925572
925732
925761
926016
926181
926500
926556
926573
926731
926969
927409
928402
928507
928626
928950
928951
929097
929926
930051
930372
930769
930951
931281
931300
931304
931356
931360
931566
931607
932114
932359
932373
932453
932514
932595
932599
932603
932625
932913
933187
933379
934764
935695
935838
935925
936469
937088
937452
937554
937561
937676
937723
937888
937971
938010
938078
938210
938404
938505
938525
938913
939451
939491
939507
939906
940006
940371
940593
940652
940691
940931
941150
941434
941785
941790
941832
941976
942021
942157
943181
943230
943476
944681
944785
945088
945552
945938
946329
946548
946594
947320
947873
948121
948533
948711
948793
949366
949692
950525
951465
951608
951627
953012
953513
954252
955750
956660
957081
957640
957766
958155
958547
958689
958847
959545
960057
960187
961194
961353
961687
961696
961756
962029
962037
962596
962866
963029
963811
964230
964243
964274
964301
964342
964590
964682
964762
965293
965296
965373
965394
965444
965451
965455
965491
965496
965509
965511
965560
965587
965763
966155
966240
967744
967991
968041
969085
969249
969933
971470
972382
972704
972756
975883
976715
977009
977237
977249
977253
978154
978539
978545
978551
978878
979145
981361
981964
983125
983902
984153
984758
985526
985766
987471
987614
987664
987707
989238
989456
990463
991802
992251
992793
995269
995367
995886
996049
996050
996253
997479
997497
997620
997746
997784
997931
997959
997975
998082
998087
998122
1001045
1001059
1001333
1004309
1004509
1005776
1006188
1006349
1006666
1006771
1008596
1008612
1008727
1009035
1009464
1010496
1011179
1011582
1011872
1015862
1016556
1017483
1017929
1019229
1019434
1021761
1022047
1022214
1022423
1023288
1024905
1026002
1026128
1026734
1027727
1028547
1028610
1028904
1032011
1035540
1039533
1040706
1043705
1046059
1047025
1048448
1048745
1048862
1049394
1049834
1050830
1051410
1052098
1052604
1053806
1054403
1055729
1055930
1056290
1057449
1058904
1060506
1063214
1065069
1067034
1067662
1070225
1071496
1075306
1076333
1077020
1077380
1077636
1077762
1078528
1080805
1083596
1084385
1084930
1084941
1084949
1084978
1085021
1085085
1085195
1085582
1085780
1085818
1085837
1086026
1086654
1087202
1087207
1087333
1087387
1087398
1087416
1087465
1087482
1087494
1087514
1087515
1087607
1087635
1087707
1087747
1087766
1089544
1089627
1089924
1090964
1091220
1094286
1094414
1094450
1094541
1094783
1095104
1095151
1095528
1097968
1099301
1099806
1102181
1103578
1104157
1104562
1105453
1106215
1108147
1109046
1109510
1110435
1114908
1115258
1116044
1116254
1116286
1116975
1117813
1120606
1124231
1125704
1126444
1128256
1128959
1129174
1130265
1130961
1133556
1133767
1134247
1134372
1134488
1141742
1142118
1143901
1145442
1146797
1149344
1151238
1151636
1151923
1152481
1154111
1154316
1154697
1155426
1155792
1156555
1156623
1156820
1157039
1157070
1157199
1157337
1157619
1157665
1157770
1157918
1157938
1158016
1158102
1158263
1158285
1158406
1158569
1158571
1158580
1158598
1158608
1158845
1158863
1159028
1159126
1159698
1159864
1160237
1160250
1160534
1160672
1160765
1160921
1161087
1161248
1162441
1163751
1164446
1167821
1168338
1168399
1169065
1169607
1170159
1172460
1172612
1173710
1174971
1179103
1182006
1182553
1184877
1186401
1188043
1189832
1190038
1194099
1194945
1195125
1195200
1195207
1195323
1195388
1195517
1195603
1195854
1195968
1195991
1196185
1196308
1196671
1196762
1196792
1196900
1196969
1197098
1197205
1197255
1197302
1197372
1197420
1197473
1197481
1197488
1197499
1197565
1197570
1197625
1197635
1197639
1197716
1197720
1197788
1197808
1197829
1197854
1197868
1197873
1197897
1197911
1197933
1198012
1198013
1198015
1198025
1198086
1198088
1198106
1198203
1198226
1198231
1198258
1198277
1198286
1198392
1198427
1198497
1198547
1198551
1198553
1198701
1198772
1198846
1199317
1199367
1199472
1199531
1199587
1199789
1200092
1200209
1200572
1200589
1200746
1200912
1201285
1201496
1201638
1201747
1201831
1201972
1202095
1202533
1202549
1202607
1202700
1202854
1202940
1202984
1203123
1203132
1203211
1203581
1203605
1203806
1203894
1203940
1203997
1204127
1204238
1204349
1204503
1204604
1204686
1204810
1205096
1205314
1205320
1205400
1205413
1205437
1205466
1205497
1205541
1205559
1205574
1205700
1205718
1205763
1205844
1205866
1206035
1206097
1206199
1206281
1206888
1206985
1207084
1207312
1207353
1207377
1208040
1208069
1208215
1208281
1208327
1208403
1208493
1208526
1208568
1208745
1208852
1208889
1209176
1209375
1210964
1212833
1213756
1214547
1215397
1217078
1218255
1218387
1219726
1219768
1219844
1219876
1219919
1219962
1220016
1220033
1220080
1220097
1220123
1220194
1220240
1220315
1220393
1220875
1222053
1222059
1222122
1222157
1222268
1222296
1222306
1222315
1222319
1223698
1225001
1225036
1225063
1225090
1225119
1225246
1225352
1227516
1228338
1228955
1230374
1230810
1232023
1233509
1233613
1235698
1236835
1237303
1238316
1238911
1241692
1243620
1245895
1246652
1247229
1247831
1249471
1250129
1250203
1253631
1254051
1254465
1255506
1256066
1256734
1257990
1260028
1261255
1261806
1263547
1263800
1264182
1264241
1266130
1266140
1266594
1266762
1267539
1267785
1270385
1271451
1277009
1277932
1277988
1278046
1278073
1278857
1278897
1279022
1279035
1279118
1279129
1279943
1280204
1284279
1285131
1285770
1286152
1286357
1287354
1287363
1290556
1290915
1292121
1292171
1292178
1292264
1292377
1294258
1294569
1294607
1296653
1298058
1299414
1299940
1304829
1305137
1305733
1306799
1308859
1309190
1310323
1310558
1310666
1312530
1313304
1313528
1314423
1316246
1316630
1316695
1320220
1323427
1326678
1326931
1330705
1335007
1335304
1339185
1339195
1339205
1339250
1339899
1340154
1340188
1340383
1340489
1340567
1341803
1342590
1345087
1347587
1350300
1352308
1353098
1353116
1354119
1354397
1356916
1359252
1360357
1361185
1361875
1361962
1362128
1365972
1368295
1368847
1370682
1372947
1373045
1373330
1374439
1377087
1377970
1378882
1380771
1381059
1381067
1381072
1381081
1381187
1381269
1381870
1382345
1383017
1383076
1383127
1383703
1386946
1388059
1388121
1388993
1389050
1389220
1390433
1392776
1398724
1398744
1401587
1402949
1404057
1404524
1406196
1407328
1408553
1411357
1413309
1413505
1413546
1413589
1413592
1413616
1413650
1413852
1413962
1414046
1414217
1414276
1414480
1414496
1414509
1414574
1414620
1414820
1414973
1414978
1415021
1416687
1416726
1418630
1419591
1420990
1421934
1421947
1424103
1424918
1427897
1427906
1427976
1428061
1428090
1428151
1428731
1428762
1428976
1429090
1429442
1429637
1429817
1430045
1430135
1430349
1430422
1430640
1431149
1431349
1431358
1431444
1431447
1431466
1431527
1431651
1431692
1431784
1431845
1433856
1435978
1437461
1437606
1437694
1437709
1437815
1437844
1441954
1442911
1443781
1446732
1448739
1449628
1449831
1451261
1457350
1458223
1458985
1459856
1459996
1467568
1470528
1475470
1476251
1479992
1480013
1480021
1480097
1481287
1486798
1487374
1488134
1488520
1493940
1496040
1496397
1496671
1498621
1499558
1503317
1503343
1509946
1510544
1514524
1516562
1516730
1516742
1516872
1516936
1517230
1518641
1520012
1520605
1520752
1522073
1523717
1524951
1524975
1527276
1527513
1527672
1527842
1532588
1533419
1533459
1533612
1533651
1533668
1534139
1534397
1534845
1536517
1542879
1545072
1545136
1548420
1551772
1553922
1554308
1557999
1558640
1558650
1558868
1559471
1560010
1561841
1564306
1565047
1565094
1570031
1573839
1573891
1573921
1573943
1573962
1574057
1574069
1574392
1576694
1576995
1578884
1579688
1579988
1580046
1580574
1580866
1580977
1583912
1585442
1585619
1587253
1591673
1591778
1591785
1592383
1592520
1592644
1594672
1594697
1595718
1597107
1597214
1602081
1602382
1602604
1602756
1603824
1604099
1604546
1606451
1607294
1608268
1609189
1610536
1610589
1612873
1613335
1613345
1614409
1614522
1616800
1619707
1622018
1622214
1622475
1623709
1628929
1630054
1630212
1630380
1630762
1631110
1631378
1631470
1637994
1638516
1638720
1640077
1640794
1642364
1643990
1644011
1644632
1644951
1645945
1648479
1648999
1649095
1649171
1649295
1649442
1649451
1649591
1649811
1650130
1652657
1652922
1653004
1653371
1655203
1655327
1655447
1657600
1661536
1661633
1661653
1665115
1667584
1668163
1668210
1669096
1669488
1673023
1675088
1675795
1684150
1684389
1685414
1686911
1686925
1691671
1691672
1691680
1694413
1694443
1694447
1694464
1696714
1696904
1697039
1697064
1697080
1697116
1697305
1699191
1701873
1702411
1702517
1702872
1705102
1705150
1705156
1706583
1706609
1707853
1709458
1711387
1712079
1712474
1712515
1712618
1713107
1713592
1714836
1717356
1717875
1720441
1720535
1723308
1726494
1727032
1729159
1733607
1736602
1737517
1738897
1739249
1743072
1743159
1743499
1747512
1749226
1749309
1751688
1751732
1752063
1767138
1770381
1770554
1772812
1773075
1773737
1773861
1779262
1780598
1781090
1782047
1783925
1784215
1784471
1786017
1786736
1787287
1787547
1787681
1787694
1788536
1790217
1790739
1791992
1792146
1792621
1793015
1794945
1797190
1797264
1798174
1799083
1800088
1802602
1803414
1803771
1804209
1804862
1813784
1817553
1817637
1817649
1819764
1820155
1820176
1820922
1821083
1822646
1824085
1824921
1825518
1829720
1830615
1830735
1832226
1832515
1832625
1833065
1833133
1835655
1838720
1840465
1842562
1842724
1843846
1844300
1844803
1845021
1846609
1847616
1847655
1849103
1851568
1853356
1855168
1856362
1857427
1859303
1859434
1859500
1859726
1859769
1864774
1865184
1865385
1866852
1868302
1868860
1869078
1871426
1871624
1871832
1872099
1872165
1873022
1873074
1874108
1874599
1874991
1876561
1877193
1877222
1880213
1880435
1881420
1882062
1882498
1882500
1884724
1886224
1891343
1891431
1891952
1892532
1892671
1892802
1897163
1897166
1897311
1897523
1897543
1897864
1898654
1899007
1899131
1899195
1899348
1900348
1900571
1900579
1900633
1900649
1902595
1904515
1905859
1906822
1906919
1907005
1907888
1907979
1908630
1909479
1909482
1909583
1909678
1909720
1909890
1910974
1911167
1911905
1912111
1912257
1913286
1913417
1913748
1915245
1915316
1915407
1915644
1915658
1916658
1916877
1916902
1916967
1916983
1917636
1918589
1919194
1919909
1920087
1920446
1920622
1920896
1920971
1920984
1921252
1923598
1924744
1924842
1925407
1925662
1926726
1927033
1927214
1927272
1927297
1927342
1927738
1928155
1928315
1929803
1930118
1930795
1930810
1931112
1932056
1932333
1933229
1933926
1933949
1933960
1934754
1935932
1936635
1936669
1939200
1939327
1940564
1940954
1942047
1942569
1943241
1943759
1946310
1947900
1948745
1948908
1949051
1949795
1950028
1950520
1950612
1951051
1951071
1952140
1952489
1952655
1953436
1954499
1955070
1956155
1956478
1956684
1956691
1958161
1959001
1959216
1959691
1960442
1960448
1960587
1962298
1962728
1963911
1964061
1964364
1964385
1964661
1965225
1965348
1965767
1966458
1966651
1967048
1967417
1967597
1968100
1968113
1968769
1969157
1969439
1969939
1970242
1970567
1971384
1971713
1971871
1971874
1971937
1971985
1972283
1972760
1972779
1972842
1972845
1974531
1975395
1977887
1977983
1978162
1978181
1978218
1978419
1978505
1980888
1981217
1981901
1982063
1982611
1983665
1983704
1983799
1983813
1983850
1983865
1984236
1985962
1986846
1986910
1986963
1987942
1988013
1988626
1988703
1990528
1990581
1991312
1991407
1991962
1993367
1993368
1993604
1993847
1994092
1994186
1995067
1995124
1995831
1996313
1996790
1997239
1997277
1997462
1997496
1997831
1997908
1998046
1998656
1998680
1998948
1999569
1999619
1999666
1999672
2000270
2001007
2001199
2001425
2001910
2001928
2001977
2001996
2002307
2002483
2002923
2003227
2003467
2004001
2004170
2004366
2004411
2004493
2004892
2005086
2005318
2005891
2006537
2006735
2006739
2006804
2007061
2007211
2007218
2007465
2007487
2007659
2007698
2007887
2008005
2008238
2008873
2009050
2010058
2010243
2010329
2010331
2010336
2010340
2010353
2010640
2010698
2010826
2011423
2011474
2012087
2012354
2012363
2012645
2013515
2013944
2014239
2014315
2014609
2015890
2015944
2015956
2016434
2018632
2018775
2020418
2020691
2020888
2020938
2020971
2021459
2021462
2021513
2021881
2022032
2022045
2022090
2022494
2022539
2022543
2023209
2023290
2023836
2023839
2024271
2024643
2024651
2025095
2025130
2025740
2025777
2025876
2025989
2025999
2026488
2028546
2028725
2030196
2030968
2031927
2033310
2036763
2037185
2037190
2037256
2037268
2037306
2037340
2037470
2037534
2037963
2038935
2039693
2040007
2040116
2040185
2040355
2041268
2041301
2041401
2041554
2042505
2042974
2043035
2043105
2043387
2043473
2043487
2043764
2043844
2043861
2045333
2045615
2046195
2046282
2046388
2046880
2047149
2047269
2047998
2048073
2048936
2049199
2049842
2050056
2050183
2050452
2050873
2051170
2051704
2052701
2052849
2053277
2054110
2055043
2055589
2055849
2055905
2057283
2057685
2057891
2058127
2058206
2058391
2058837
2058952
2059030
2059901
2059967
2060085
2060223
2060445
2060823
2060894
2060995
2061415
2061553
2062460
2063584
2064838
2068219
2068242
2068403
2068421
2068454
2068521
2068601
2068604
2068684
2068689
2068749
2068912
2068952
2069713
2069763
2070087
2071623
2077914
2079102
2081590
2081593
2081615
2081705
2081736
2081745
2081868
2085921
2085997
2086007
2086108
2086109
2086986
2086994
2087530
2087919
2088059
2088619
2088744
2089084
2090528
2091005
2091007
2091117
2091123
2091437
2092022
2092243
2092260
2092302
2092352
2092385
2092872
2093019
2095035
2095056
2096447
2096495
2096511
2096597
2097505
2097577
2097619
2097692
2097784
2097903
2097964
2097998
2098154
2098198
2099265
2100390
2100407
2100486
2101719
2102181
2103285
2103802
2103849
2103873
2103886
2106213
2106611
2106745
2106758
2106842
2108856
2108955
2108957
2109069
2109129
2109176
2109228
2109262
2110148
2110177
2110273
2110290
2110794
2112107
2112161
2112165
2112476
2113362
2113385
2114667
2114847
2114894
2114991
2115082
2115626
2115716
2115717
2115788
2115838
2115924
2116308
2116850
2117229
2117242
2117874
2118326
2118610
2119536
2119550
2119882
2119929
2119962
2119967
2119997
2120001
2120004
2120008
2120025
2120298
2120433
2120495
2120698
2120737
2120778
2121072
2121184
2121287
2121297
2124086
2124159
2124969
2127199
2127208
2128972
2128979
2129056
2129060
2130947
2131404
2131642
2131695
2133793
2134767
2136362
2136477
2136493
2136520
2136522
2136562
2136943
2137145
2137906
2138266
2138302
2138325
2138764
2139923
2141237
2142556
2144138
2144214
2144719
2145020
2145650
2147093
2147386
2147413
2147679
2147848
2148251
2148422
2148433
2148854
2148927
2149297
2149443
2149498
2149544
2149621
2149729
2149864
2150048
2150124
2150299
2150431
2150487
2151759
2151882
2151904
2151912
2152163
2152294
2152540
2152560
2152574
2152576
2152579
2153160
2153173
2153703
2154047
2154664
2154711
2154716
2154733
2154829
2154850
2154858
2155079
2155305
2155692
2155931
2155940
2156055
2156071
2156635
2156894
2156901
2157296
2157637
2157711
2157716
2158202
2158223
2158238
2158496
2158510
2158893
2159143
2159589
2159757
2159817
2159830
2159955
2160054
2160538
2160605
2160610
2161238
2161450
2161513
2161552
2161601
2161751
2161773
2161774
2161971
2162292
2162348
2163580
2164672
2164710
2164754
2165031
2165067
2165520
2165524
2165572
2166957
2167629
2169799
2169828
2169870
2170525
2170529
2170562
2170715
2170776
2170875
2171220
2172204
2173226
2173601
2173701
2173808
2173901
2174058
2174215
2174496
2174718
2176056
2177698
2177704
2177804
2179204
2180756
2180805
2182424
2183224
2186761
2187755
2187983
2188354
2189120
2189129
2191794
2194211
2195605
2195681
2195922
2196253
2196411
2197017
2197492
2198236
2198382
2199898
2199976
2200079
2201235
2201436
2203284
2203895
2204037
2204329
2204683
2205596
2207247
2207814
2208003
2208140
2208343
2208410
2208697
2209356
2209771
2210084
2210453
2210482
2210556
2211088
2211140
2211198
2211257
2211324
2211379
2211408
2211625
2211637
2211641
2211668
2212240
2212620
2212659
2212721
2212756
2212816
2212869
2212899
2213386
2213727
2213736
2214581
2214928
2215044
2215309
2215461
2215700
2215713
2215729
2216486
2216744
2217242
2217920
2217955
2219081
2219134
2219499
2220185
2220757
2221988
2222093
2222323
2223059
2223119
2223433
2223735
2224208
2224529
2224539
2225090
2225754
2226687
2226830
2227351
2227369
2229075
2229254
2229456
2229738
2229823
2229981
2230226
2230254
2230415
2230488
2230996
2231655
2232168
2232406
2232923
2232983
2233016
2233492
2233600
2233746
2235492
2235561
2235766
2236542
2236622
2238341
2238436
2238483
2238818
2238822
2238861
2238928
2239316
2239786
2239895
2239961
2241561
2241690
2241899
2242294
2243121
2243485
2243686
2244165
2244413
2244428
2244441
2245174
2245647
2246019
2246020
2246046
2246089
2246090
2246500
2246741
2247336
2247449
2248151
2248154
2248628
2249609
2249649
2249905
2251255
2251605
2252377
2254177
2255021
2255246
2255257
2255538
2256468
2257088
2257284
2258374
2259551
2260219
2262366
2263392
2264501
2265995
2271925
2271953
2271974
2272188
2272383
2272623
2273218
2273619
2273649
2273789
2273815
2274166
2274659
2275677
2275847
2275979
2277852
2278047
2279848
2279913
2279963
2279976
2280124
2281716
2281747
2281775
2281926
2282382
2282795
2283119
2283137
2283287
2283489
2283619
2284904
2285110
2285653
2285938
2288232
2288424
2288535
2288621
2288914
2289168
2289510
2290773
2291018
2293590
2293604
2293742
2294244
2295282
2295874
2296278
2296360
2296532
2296997
2297283
2299807
2299855
2300593
2300780
2300854
2301678
2301751
2302043
2302689
2302704
2303266
2303569
2303788
2304555
2307428
2307951
2308109
2308695
2308779
2309205
2309487
2309869
2310230
2310789
2313918
2315041
2315072
2315625
2315651
2315680
2315995
2316011
2316102
2316543
2316579
2317145
2317476
2317530
2317536
2317845
2318123
2318153
2318270
2318454
2318515
2318866
2319122
2319154
2319198
2319414
2319813
2320079
2320097
2320185
2320201
2320465
2320473
2320480
2320550
2320880
2321088
2321484
2321498
2322081
2322452
2322458
2322475
2322503
2322520
2322535
2322867
2323398
2323410
2323639
2323658
2323742
2323891
2323901
2324178
2324250
2324282
2324478
2324897
2325030
2325178
2325592
2325871
2325872
2325929
2325985
2326169
2326178
2326180
2326266
2326706
2326737
2326871
2326881
2327016
2327123
2327294
2327573
2327614
2327672
2327902
2328213
2329379
2329627
2329641
2329984
2330178
2330197
2330223
2330276
2330567
2331039
2331125
2331137
2331140
2331487
2331684
2331814
2331912
2332110
2332434
2333568
2333806
2333808
2334239
2335329
2336079
2336627
2336819
2337123
2337138
2337830
2338050
2338123
2338437
2340756
2340766
2341265
2341884
2342833
2344973
2345977
2346361
2346864
2348161
2350699
2351572
2351886
2352346
2352353
2352362
2352364
2354294
2354637
2355232
2355394
2355538
2356186
2357404
2358320
2358371
2358429
2358460
2358824
2358990
2359059
2359595
2359682
2359807
2361083
2361300
2361504
2361527
2362538
2364732
2365006
2365252
2366643
2367086
2367331
2367636
2368343
2368346
2369517
2369963
2370202
2370251
2370433
2372030
2373318
2373545
2373722
2374821
2376008
2376498
2377309
2378117
2378819
2379136
2379863
2381639
2383113
2385442
2387431
2388015
2388470
2388509
2388717
2390068
2390551
2390930
2390970
2391417
2391741
2391839
2391891
2392068
2392213
2392277
2392286
2393030
2393685
2393893
2394518
2394531
2394773
2395270
2395485
2395710
2396125
2397328
2397544
2398414
2399092
2399704
2400222
2400789
2400816
2400991
2401781
2401785
2402143
2402869
2402890
2403431
2403632
2403865
2404141
2404340
2404639
2404709
2404792
2404909
2405074
2405432
2405572
2405687
2405799
2405838
2406015
2406372
2406586
2406851
2406988
2407494
2407711
2407803
2407841
2407913
2408327
2408398
2409937
2410041
2410043
2410411
2411268
2411299
2412351
2413062
2413789
2413795
2414094
2414307
2414527
2414554
2414877
2415484
2416366
2416451
2416595
2416597
2416926
2417078
2417137
2418338
2418416
2418424
2418438
2418574
2418584
2418603
2419008
2420216
2420306
2420547
2420671
2421104
2421130
2421682
2421693
2421960
2422114
2422361
2422425
2423440
2423469
2423855
2424985
2427435
2427463
2428526
2430466
2430632
2431120
2431207
2432786
2434593
2434634
2435388
2436449
2441121
2441446
2441585
2441695
2441729
2442913
2443458
2443469
2443510
2443513
2443840
2444190
2444455
2444557
2445209
2445437
2445537
2445699
2445861
2446467
2447397
2447664
2448331
2448422
2448441
2448815
2448895
2450159
2450238
2450263
2450321
2450322
2450373
2450914
2451337
2454121
2454511
2454533
2455849
2455978
2456449
2456462
2460642
2462845
2463575
2467309
2470785
2471945
2472061
2473317
2473318
2473627
2475245
2475682
2477120
2477145
2477346
2477361
2477371
2477373
2477496
2477564
2478151
2478739
2479240
2479282
2479465
2479487
2479936
2481458
2481561
2481876
2482447
2482618
2482858
2482951
2483090
2483107
2483301
2483373
2483610
2483945
2484224
2484233
2484324
2485449
2485890
2486862
2487079
2487434
2489130
2490019
2490023
2490280
2490846
2490859
2490971
2491166
2491628
2491873
2492193
2492212
2493456
2493708
2493814
2493853
2494346
2494463
2496678
2497264
2497577
2499088
2500435
2500478
2500491
2500514
2500779
2501074
2501871
2503293
2503300
2504379
2506069
2508763
2509132
2509723
2511702
2512219
2514758
2515106
2515854
2515880
2516564
2517537
2518208
2519381
2520450
2520553
2520577
2522097
2522826
2523125
2523233
2523285
2524728
2524935
2528479
2528679
2529030
2529044
2530792
2531118
2532184
2532642
2532704
2532768
2532815
2533131
2533183
2534867
2535102
2535365
2535610
2535730
2535742
2535908
2535967
2536202
2536778
2536822
2537276
2537921
2537939
2537956
2537969
2539557
2539810
2539900
2540040
2541545
2542827
2545172
2545955
2546098
2546180
2546490
2546554
2547447
2547459
2547596
2547632
2547725
2547727
2547771
2547785
2547878
2547977
2550099
2550101
2552968
2554312
2554320
2554462
2555869
2556097
2556852
2556861
2558490
2558680
2558903
2559088
2559419
2559505
2559681
2560291
2561207
2561571
2561719
2561979
2562998
2563320
2564346
2564386
2565984
2566075
2566311
2566349
2566605
2566679
2567578
2569114
2569907
2570317
2570619
2571096
2573055
2573709
2573847
2573975
2573980
2574203
2574923
2575111
2575583
2576579
2576851
2577074
2577169
2577209
2577220
2577880
2577915
2578525
2580026
2580176
2580980
2581133
2581266
2581924
2581928
2582219
2582930
2583526
2583539
2583567
2583706
2584035
2584755
2584774
2585712
2586092
2586114
2586870
2586969
2587041
2587777
2590850
2591039
2592143
2592800
2594536
2594836
2595288
2596482
2596594
2596777
2598397
2599003
