46
53
76
107
119
142
172
187
216
220
246
288
314
381
392
393
396
419
427
435
448
484
491
523
536
548
549
610
679
696
719
731
741
748
754
800
811
812
820
837
845
897
953
971
981
984
1039
1067
1068
1166
1194
1206
1224
1235
1267
1294
1341
1382
1393
1401
1406
1412
1414
1435
1456
1484
1492
1541
1550
1563
1590
1609
1634
1665
1684
1693
1704
1761
1768
1809
1818
1829
1857
1859
1862
1873
1891
1894
1902
1921
1944
1979
1992
1998
2015
2016
2027
2029
2032
2033
2039
2099
2110
2126
2132
2163
2169
2172
2179
2191
2205
2232
2262
2268
2275
2290
2296
2297
2317
2354
2367
2396
2400
2447
2460
2543
2549
2576
2603
2604
2605
2607
2615
2618
2632
2656
2660
2676
2703
2738
2739
2749
2752
2768
2776
2784
2788
2862
2894
2899
2911
2942
2952
2976
2985
3004
3024
3025
3029
3048
3066
3078
3084
3201
3224
3227
3247
3269
3278
3285
3290
3330
3349
3364
3365
3393
3411
3415
3425
3429
3457
3497
3509
3523
3541
3551
3552
3649
3692
3715
3734
3741
3760
3767
3776
3858
3871
3890
3912
3922
3962
3985
3992
4067
4069
4085
4101
4116
4134
4159
4164
4166
4170
4191
4206
4238
4288
4298
4309
4323
4335
4361
4369
4382
4441
4471
4506
4513
4525
4526
4533
4576
4611
4616
4619
4694
4752
4768
